      8015.83  3.36775e-15
      8019.60  3.15658e-15
      8023.32  3.21573e-15
      8027.01  3.34152e-15
      8030.68  2.88915e-15
      8034.31  3.10513e-15
      8037.92  3.26867e-15
      8041.49  2.91044e-15
      8045.03  3.10528e-15
      8048.54  3.22086e-15
      8052.03  3.09884e-15
      8055.49  3.18126e-15
      8058.92  3.16799e-15
      8062.32  3.15748e-15
      8065.70  2.92031e-15
      8069.05  2.93173e-15
      8072.37  3.03056e-15
      8075.62  2.78682e-15
      8078.94  3.06386e-15
      8082.19  2.92343e-15
      8085.42  2.89275e-15
      8088.62  2.87041e-15
      8091.80  2.86468e-15
      8094.95  2.72356e-15
      8098.08  2.75274e-15
      8101.19  2.70989e-15
      8104.28  2.70848e-15
      8107.33  2.71538e-15
      8110.39  2.64553e-15
      8113.40  2.77027e-15
      8116.41  2.58634e-15
      8119.39  2.38962e-15
      8122.35  2.54575e-15
      8125.29  2.54288e-15
      8128.21  2.51106e-15
      8131.12  2.49979e-15
      8134.00  2.34874e-15
      8136.87  2.24822e-15
      8139.72  2.38606e-15
      8142.55  2.45821e-15
      8145.37  2.59472e-15
      8148.16  2.40445e-15
      8150.94  2.30029e-15
      8153.71  2.11333e-15
      8156.45  2.11935e-15
      8159.19  2.54099e-15
      8161.90  2.37254e-15
      8164.60  2.56358e-15
      8167.29  2.35884e-15
      8169.96  2.43216e-15
      8172.62  2.58556e-15
      8175.26  2.73158e-15
      8177.89  2.67871e-15
      8180.48  2.65232e-15
      8183.10  2.41559e-15
      8185.70  2.65961e-15
      8188.27  2.68653e-15
      8190.83  3.03632e-15
      8193.39  2.97976e-15
      8195.92  2.96459e-15
      8198.45  2.83446e-15
      8200.97  2.91548e-15
      8203.47  2.80102e-15
      8205.96  2.79802e-15
      8208.45  2.85400e-15
      8210.92  2.97225e-15
      8213.38  2.93319e-15
      8215.83  2.85723e-15
      8218.27  3.09270e-15
      8220.71  3.02990e-15
      8223.12  3.02066e-15
      8225.54  2.93942e-15
      8227.94  2.95136e-15
      8230.33  2.98146e-15
      8232.72  3.05113e-15
      8235.10  2.84984e-15
      8237.46  2.83877e-15
      8239.83  2.83643e-15
      8242.18  2.86620e-15
      8244.52  2.85952e-15
      8246.86  2.91068e-15
      8249.19  2.80417e-15
      8251.51  2.85769e-15
      8253.83  2.83573e-15
      8256.14  2.95215e-15
      8258.44  2.87866e-15
      8260.74  2.77981e-15
      8263.03  2.45986e-15
      8265.31  2.57243e-15
      8267.59  2.70316e-15
      8269.86  2.73264e-15
      8272.12  2.70442e-15
      8274.38  2.49211e-15
      8276.64  2.60420e-15
      8278.89  2.53997e-15
      8281.13  2.61394e-15
      8283.37  2.48503e-15
      8285.61  2.55082e-15
      8287.84  2.43679e-15
      8290.07  2.44306e-15
      8292.29  2.33839e-15
      8294.51  2.36167e-15
      8296.72  2.35306e-15
      8298.93  2.33452e-15
      8301.13  2.29286e-15
      8303.34  2.21506e-15
      8305.54  2.10472e-15
      8307.73  2.17943e-15
      8309.92  2.05355e-15
      8312.12  2.04336e-15
      8314.30  1.99327e-15
      8316.48  1.98737e-15
      8318.67  1.84617e-15
      8320.84  1.72182e-15
      8323.02  1.86199e-15
      8325.20  1.87213e-15
      8327.36  1.87167e-15
      8329.53  1.84799e-15
      8331.69  1.62899e-15
      8333.87  1.73202e-15
      8336.03  1.63551e-15
      8338.19  1.52764e-15
      8340.35  1.79377e-15
      8342.51  1.53217e-15
      8344.67  1.69409e-15
      8346.82  1.57822e-15
      8348.98  1.60407e-15
      8351.13  1.75065e-15
      8353.28  1.55788e-15
      8355.43  1.57610e-15
      8357.59  1.62492e-15
      8359.74  1.50346e-15
      8361.88  1.51467e-15
      8364.03  1.48391e-15
      8366.18  1.45721e-15
      8368.32  1.29942e-15
      8370.47  1.40206e-15
      8372.62  1.53206e-15
      8374.77  1.49229e-15
      8376.91  1.43051e-15
      8379.06  1.40387e-15
      8381.21  1.48136e-15
      8383.35  1.47492e-15
      8385.50  1.57936e-15
      8387.65  1.62798e-15
      8389.79  1.62075e-15
      8391.94  1.53848e-15
      8394.09  1.52095e-15
      8396.24  1.48499e-15
      8398.39  1.65618e-15
      8400.54  1.68966e-15
      8402.69  1.76410e-15
      8404.84  1.72158e-15
      8406.99  1.79039e-15
      8409.15  1.84364e-15
      8411.30  1.88685e-15
      8413.46  1.77877e-15
      8415.61  1.98559e-15
      8417.77  2.04502e-15
      8419.93  2.05492e-15
      8422.09  2.21852e-15
      8424.25  2.12953e-15
      8426.41  2.16922e-15
      8428.55  2.10550e-15
      8430.74  2.34881e-15
      8432.91  2.72851e-15
      8435.08  2.67762e-15
      8437.25  2.89441e-15
      8439.42  3.01931e-15
      8441.59  3.01872e-15
      8443.77  3.19770e-15
      8445.94  3.20808e-15
      8448.12  3.34084e-15
      8450.30  3.70725e-15
      8452.48  3.85342e-15
      8454.67  3.70046e-15
      8456.85  3.87557e-15
      8459.04  3.99559e-15
      8461.23  4.05318e-15
      8463.42  3.96710e-15
      8465.62  4.20588e-15
      8467.81  4.29032e-15
      8470.01  4.25861e-15
      8472.21  4.48310e-15
      8474.42  4.63564e-15
      8476.62  4.54904e-15
      8478.83  4.77924e-15
      8481.04  4.82309e-15
      8483.25  4.89948e-15
      8485.47  4.91218e-15
      8487.68  5.12451e-15
      8489.90  5.29674e-15
      8492.12  5.31697e-15
      8494.35  5.33212e-15
      8496.58  5.49087e-15
      8498.81  5.45300e-15
      8501.04  5.76252e-15
      8503.27  5.77781e-15
      8505.51  5.96391e-15
      8507.75  6.19762e-15
      8510.00  6.27742e-15
      8512.24  6.31149e-15
      8514.49  6.54067e-15
      8516.74  6.39190e-15
      8518.99  6.49856e-15
      8521.25  6.55575e-15
      8523.51  6.45889e-15
      8525.77  6.68450e-15
      8528.03  6.66214e-15
      8530.30  7.16000e-15
      8532.57  7.41167e-15
      8534.85  7.46688e-15
      8537.12  7.52766e-15
      8539.40  7.96059e-15
      8541.69  7.95855e-15
      8543.97  8.08844e-15
      8546.25  8.30498e-15
      8548.55  8.39925e-15
      8550.84  8.26449e-15
      8553.14  8.61222e-15
      8555.44  8.57734e-15
      8557.74  8.28542e-15
      8560.05  8.50087e-15
      8562.35  8.45265e-15
      8564.67  8.26194e-15
      8566.98  8.18967e-15
      8569.30  7.98603e-15
      8571.63  8.00378e-15
      8573.91  8.08394e-15
      8576.28  7.91975e-15
      8578.61  8.14584e-15
      8580.94  8.13742e-15
      8583.27  8.22549e-15
      8585.62  8.38805e-15
      8587.96  8.49870e-15
      8590.31  8.47042e-15
      8592.66  8.75688e-15
      8595.00  8.93451e-15
      8597.36  8.95184e-15
      8599.72  9.09605e-15
      8602.08  9.37107e-15
      8604.45  9.54580e-15
      8606.82  9.71267e-15
      8609.16  9.72705e-15
      8611.57  9.94269e-15
      8613.94  1.05531e-14
      8616.32  1.06798e-14
      8618.71  1.08108e-14
      8621.13  1.12844e-14
      8623.50  1.11421e-14
      8625.91  1.18820e-14
      8628.28  1.21488e-14
      8630.68  1.27376e-14
      8633.08  1.27740e-14
      8635.49  1.32769e-14
      8637.90  1.35701e-14
      8640.32  1.36213e-14
      8642.73  1.37667e-14
      8645.15  1.42885e-14
      8647.58  1.44826e-14
      8650.00  1.47620e-14
      8652.43  1.47996e-14
      8654.87  1.52149e-14
      8657.30  1.52948e-14
      8659.74  1.53694e-14
      8662.18  1.53830e-14
      8664.63  1.54261e-14
      8667.08  1.57303e-14
      8669.53  1.59978e-14
      8671.99  1.56113e-14
      8674.45  1.55841e-14
      8676.91  1.55991e-14
      8679.37  1.55135e-14
      8681.84  1.51583e-14
      8684.32  1.55363e-14
      8686.79  1.54137e-14
      8689.27  1.56288e-14
      8691.75  1.52375e-14
      8694.24  1.48723e-14
      8696.73  1.54861e-14
      8699.22  1.51718e-14
      8701.71  1.53360e-14
      8704.21  1.50553e-14
      8706.71  1.49202e-14
      8709.21  1.46047e-14
      8711.71  1.46541e-14
      8714.24  1.42183e-14
      8716.75  1.47815e-14
      8719.27  1.43406e-14
      8721.79  1.43365e-14
      8724.31  1.39859e-14
      8726.84  1.40674e-14
      8729.37  1.38112e-14
      8731.90  1.36014e-14
      8734.44  1.32973e-14
      8736.98  1.28917e-14
      8739.52  1.29193e-14
      8742.07  1.24412e-14
      8744.62  1.23826e-14
      8747.17  1.21581e-14
      8749.73  1.19264e-14
      8752.29  1.15968e-14
      8754.85  1.17559e-14
      8757.42  1.11365e-14
      8759.99  1.09710e-14
      8762.56  1.09226e-14
      8765.13  1.05337e-14
      8767.71  1.05441e-14
      8770.29  1.01686e-14
      8772.88  1.00528e-14
      8775.47  1.00067e-14
      8778.06  9.62518e-15
      8780.65  9.58338e-15
      8783.25  9.53071e-15
      8785.85  9.32799e-15
      8788.46  9.08359e-15
      8791.06  8.90342e-15
      8793.67  8.85312e-15
      8796.29  8.73814e-15
      8798.90  8.60809e-15
      8801.53  8.68739e-15
      8804.15  8.46773e-15
      8806.77  8.21344e-15
      8809.41  8.17593e-15
      8812.04  7.82901e-15
      8814.68  7.93393e-15
      8817.31  7.67212e-15
      8819.96  7.58164e-15
      8822.60  7.53278e-15
      8825.15  7.38324e-15
      8827.90  7.73998e-15
      8830.56  7.07064e-15
      8833.21  7.01268e-15
      8835.88  6.80660e-15
      8838.54  6.74328e-15
      8841.21  6.48264e-15
      8843.88  6.43533e-15
      8846.55  6.06133e-15
      8849.23  6.13886e-15
      8851.91  5.91058e-15
      8854.59  5.93145e-15
      8857.28  5.77081e-15
      8859.95  5.55706e-15
      8862.64  5.33463e-15
      8865.35  5.33153e-15
      8868.06  5.18933e-15
      8870.76  5.28269e-15
      8873.46  5.02870e-15
      8876.17  4.86364e-15
      8878.88  4.67512e-15
      8881.60  4.59921e-15
      8884.32  4.51756e-15
      8887.03  4.36505e-15
      8889.76  4.46931e-15
      8892.49  4.33283e-15
      8895.22  4.30584e-15
      8897.95  4.08291e-15
      8900.69  3.94964e-15
      8903.42  3.97526e-15
      8906.17  3.95000e-15
      8908.91  3.83505e-15
      8911.67  3.80286e-15
      8914.42  3.62813e-15
      8917.17  3.64546e-15
      8919.93  3.55856e-15
      8922.69  3.55817e-15
      8925.46  3.40597e-15
      8928.22  3.39959e-15
      8931.00  3.29905e-15
      8933.77  3.25980e-15
      8936.55  3.29415e-15
      8939.33  3.36967e-15
      8942.11  3.35784e-15
      8944.90  3.20898e-15
      8947.69  3.24600e-15
      8950.48  3.28708e-15
      8953.27  3.16902e-15
      8956.08  3.08187e-15
      8958.88  3.14979e-15
      8961.68  3.15877e-15
      8964.49  3.11000e-15
      8967.30  3.14854e-15
      8970.12  3.11229e-15
      8972.94  3.09262e-15
      8975.76  3.13065e-15
      8978.58  3.11828e-15
      8981.41  3.03335e-15
      8984.24  3.09947e-15
      8987.07  3.16022e-15
      8989.91  3.05827e-15
      8992.75  3.01516e-15
      8995.60  3.01741e-15
      8998.44  2.90855e-15
      9001.29  2.96370e-15
      9004.14  2.85969e-15
      9007.00  2.86654e-15
      9009.86  2.91811e-15
      9012.72  2.92401e-15
      9015.59  2.89747e-15
      9018.45  2.88003e-15
      9021.33  2.91317e-15
      9024.20  2.84843e-15
      9027.08  2.78679e-15
      9029.96  2.81053e-15
      9032.85  2.88671e-15
      9035.73  2.92869e-15
      9038.62  2.73941e-15
      9041.52  2.72837e-15
      9044.42  2.69958e-15
      9047.32  2.76405e-15
      9050.22  2.71433e-15
      9053.13  2.66128e-15
      9056.04  2.68999e-15
      9058.95  2.56441e-15
      9061.87  2.61711e-15
      9064.79  2.57734e-15
      9067.71  2.62011e-15
      9070.64  2.61929e-15
      9073.57  2.62676e-15
      9076.50  2.67246e-15
      9079.44  2.65674e-15
      9082.38  2.60300e-15
      9085.33  2.60385e-15
      9088.27  2.72782e-15
      9091.22  2.72477e-15
      9094.17  2.66466e-15
      9097.13  2.70781e-15
      9100.08  2.72848e-15
      9103.05  2.79289e-15
      9106.02  2.80017e-15
      9108.99  2.94500e-15
      9111.96  2.72917e-15
      9114.93  2.87720e-15
      9117.92  2.92588e-15
      9120.90  2.77684e-15
      9123.88  2.81632e-15
      9126.87  2.97850e-15
      9129.87  2.86353e-15
      9132.86  2.88768e-15
      9135.86  2.88426e-15
      9138.86  2.91172e-15
      9141.87  2.89479e-15
      9144.88  2.90786e-15
      9147.90  2.88901e-15
      9150.91  2.77322e-15
      9153.93  2.79807e-15
      9156.95  2.76323e-15
      9159.98  2.83249e-15
      9163.01  2.72373e-15
      9166.05  2.71708e-15
      9169.08  2.75949e-15
      9172.12  2.63764e-15
      9175.17  2.57286e-15
      9178.21  2.62910e-15
      9181.27  2.57958e-15
      9184.32  2.57612e-15
      9187.38  2.57029e-15
      9190.44  2.65420e-15
      9193.50  2.59740e-15
      9196.57  2.53756e-15
      9199.64  2.55735e-15
      9202.72  2.49114e-15
      9205.80  2.48190e-15
      9208.88  2.59976e-15
      9211.97  2.54791e-15
      9215.06  2.74752e-15
      9218.15  2.65728e-15
      9221.25  2.69120e-15
      9224.35  2.75863e-15
      9227.45  2.77281e-15
      9230.56  2.80756e-15
      9233.67  2.98585e-15
      9236.79  2.93380e-15
      9239.90  2.93845e-15
      9243.03  2.99669e-15
      9246.15  3.04985e-15
      9249.28  3.16771e-15
      9252.42  3.19541e-15
      9255.55  3.18349e-15
      9258.69  3.25897e-15
      9261.84  3.22236e-15
      9264.98  3.26153e-15
      9268.14  3.33729e-15
      9271.29  3.37123e-15
      9274.45  3.35657e-15
      9277.61  3.36214e-15
      9280.78  3.48275e-15
      9283.95  3.38732e-15
      9287.12  3.46638e-15
      9290.30  3.49054e-15
      9293.48  3.40399e-15
      9296.67  3.41432e-15
      9299.85  3.37933e-15
      9303.05  3.44545e-15
      9306.24  3.27209e-15
      9309.44  3.31385e-15
      9312.65  3.21094e-15
      9315.86  3.28399e-15
      9319.07  3.28430e-15
      9322.28  3.20859e-15
      9325.50  3.29615e-15
      9328.73  3.15236e-15
      9331.95  3.11573e-15
      9335.19  3.16551e-15
      9338.42  3.14486e-15
      9341.66  3.24826e-15
      9344.90  3.19097e-15
      9348.15  3.18589e-15
      9351.40  3.17613e-15
      9354.66  3.06402e-15
      9357.92  3.09823e-15
      9361.18  3.00129e-15
      9364.44  2.99372e-15
      9367.72  3.08418e-15
      9370.99  2.96279e-15
      9374.27  2.88648e-15
      9377.55  2.92008e-15
      9380.84  2.87657e-15
      9384.13  2.65516e-15
      9387.43  2.63495e-15
      9390.72  2.70737e-15
      9394.03  2.73305e-15
      9397.34  2.61881e-15
      9400.65  2.66927e-15
      9403.96  2.73671e-15
      9407.28  2.77585e-15
      9410.61  2.70599e-15
      9413.94  2.62333e-15
      9417.26  2.61034e-15
      9420.60  2.66489e-15
      9423.94  2.65629e-15
      9427.29  2.65753e-15
      9430.64  2.71886e-15
      9433.99  2.64519e-15
      9437.35  2.74069e-15
      9440.71  2.68854e-15
      9444.07  2.64058e-15
      9447.44  2.53660e-15
      9450.82  2.53359e-15
      9454.20  2.47553e-15
      9457.58  2.55880e-15
      9460.96  2.46024e-15
      9464.36  2.51406e-15
      9467.75  2.43464e-15
      9471.15  2.37178e-15
      9474.56  2.36178e-15
      9477.96  2.38590e-15
      9481.38  2.28437e-15
      9484.79  2.23910e-15
      9488.22  2.21567e-15
      9491.65  2.20818e-15
      9495.08  2.21224e-15
      9498.51  2.15140e-15
      9501.95  2.10676e-15
      9505.39  2.22480e-15
      9508.84  2.19309e-15
      9512.29  2.17642e-15
      9515.75  2.06042e-15
      9519.21  2.18609e-15
      9522.68  2.12549e-15
      9526.15  2.09615e-15
      9529.62  2.15332e-15
      9533.11  2.19535e-15
      9536.59  2.20234e-15
      9540.08  2.26631e-15
      9543.57  2.23600e-15
      9547.07  2.31023e-15
      9550.57  2.32025e-15
      9554.08  2.33627e-15
      9557.59  2.28929e-15
      9561.11  2.34683e-15
      9564.63  2.27829e-15
      9568.16  2.28938e-15
      9571.69  2.22424e-15
      9575.22  2.24650e-15
      9578.76  2.21941e-15
      9582.30  2.18335e-15
      9585.85  2.14589e-15
      9589.40  2.11664e-15
      9592.97  2.13609e-15
      9596.53  2.04522e-15
      9600.09  1.98865e-15
      9603.67  2.03972e-15
      9607.24  1.89926e-15
      9610.83  1.97709e-15
      9614.42  1.94812e-15
      9618.00  2.01587e-15
      9621.61  2.01930e-15
      9625.20  1.91662e-15
      9628.81  1.89273e-15
      9632.42  1.95072e-15
      9636.04  2.01297e-15
      9639.66  1.91790e-15
      9643.28  1.92035e-15
      9646.91  1.95465e-15
      9650.55  1.85735e-15
      9654.19  1.88176e-15
      9657.84  1.88572e-15
      9661.48  1.82776e-15
      9665.14  1.84011e-15
      9668.80  1.86071e-15
      9672.46  1.85356e-15
      9676.13  1.85075e-15
      9679.81  1.72029e-15
      9683.49  1.81312e-15
      9687.17  1.80380e-15
      9690.86  1.81460e-15
      9694.56  1.77146e-15
      9698.26  1.82067e-15
      9701.96  1.77189e-15
      9705.67  1.75615e-15
      9709.39  1.80629e-15
      9713.11  1.79662e-15
      9716.83  1.67160e-15
      9720.57  1.75529e-15
      9724.30  1.74541e-15
      9728.04  1.77645e-15
      9731.79  1.72768e-15
      9735.54  1.71975e-15
      9739.29  1.71196e-15
      9743.05  1.80788e-15
      9746.82  1.77374e-15
      9750.59  1.68821e-15
      9754.37  1.76246e-15
      9758.15  1.69456e-15
      9761.94  1.70490e-15
      9765.73  1.64953e-15
      9769.51  1.68849e-15
      9773.33  1.71335e-15
      9777.14  1.66904e-15
      9780.95  1.67658e-15
      9784.77  1.67970e-15
      9788.60  1.69347e-15
      9792.42  1.66978e-15
      9796.26  1.58988e-15
      9800.10  1.58753e-15
      9803.94  1.62833e-15
      9807.80  1.65000e-15
      9811.65  1.62927e-15
      9815.52  1.61637e-15
      9819.38  1.59697e-15
      9823.25  1.64117e-15
      9827.13  1.57577e-15
      9831.01  1.61720e-15
      9834.90  1.60534e-15
      9838.80  1.62682e-15
      9842.69  1.61586e-15
      9846.60  1.62937e-15
      9850.51  1.61842e-15
      9854.43  1.65437e-15
      9858.35  1.63032e-15
      9862.28  1.59919e-15
      9866.21  1.68584e-15
      9870.14  1.62372e-15
      9874.09  1.62262e-15
      9878.04  1.64037e-15
      9881.99  1.65048e-15
      9885.95  1.61260e-15
      9889.93  1.62193e-15
      9893.89  1.62318e-15
      9897.87  1.62322e-15
      9901.85  1.60752e-15
      9905.84  1.63131e-15
      9909.83  1.67941e-15
      9913.83  1.57922e-15
      9917.83  1.67195e-15
      9921.85  1.68096e-15
      9925.86  1.61188e-15
      9929.89  1.70347e-15
      9933.91  1.66890e-15
      9937.95  1.71906e-15
      9941.98  1.62576e-15
      9946.03  1.63871e-15
      9950.08  1.70446e-15
      9954.14  1.72835e-15
      9958.20  1.72169e-15
      9962.27  1.67255e-15
      9966.34  1.71739e-15
      9970.42  1.70430e-15
      9974.50  1.66914e-15
      9978.60  1.66961e-15
      9982.69  1.67478e-15
      9986.80  1.70949e-15
      9990.91  1.59743e-15
      9995.01  1.59611e-15
      9999.14  1.68060e-15
      10003.3  1.72619e-15
      10007.4  1.75566e-15
      10011.5  1.87011e-15
      10015.7  1.87387e-15
      10019.8  1.99773e-15
      10024.0  1.98625e-15
      10028.1  2.11825e-15
      10032.3  2.22604e-15
      10036.5  2.27398e-15
      10040.7  2.32866e-15
      10044.9  2.47691e-15
      10049.0  2.61281e-15
      10053.2  2.67515e-15
      10057.4  2.70523e-15
      10061.7  2.68952e-15
      10065.9  2.71641e-15
      10070.1  2.80024e-15
      10074.3  2.76330e-15
      10078.6  2.85396e-15
      10082.8  2.83910e-15
      10087.0  2.82319e-15
      10091.3  2.90564e-15
      10095.5  2.86836e-15
      10099.8  2.86398e-15
      10104.1  2.87576e-15
      10108.4  2.80089e-15
      10112.6  2.87864e-15
      10116.9  2.83029e-15
      10121.2  2.84440e-15
      10125.5  2.81042e-15
      10129.8  2.83694e-15
      10134.1  2.81191e-15
      10138.5  2.77845e-15
      10142.8  2.76948e-15
      10147.1  2.73952e-15
      10151.5  2.71834e-15
      10155.8  2.70631e-15
      10160.2  2.71893e-15
      10164.5  2.64633e-15
      10168.9  2.54382e-15
      10173.2  2.59061e-15
      10177.6  2.52975e-15
      10182.0  2.55399e-15
      10186.4  2.51106e-15
      10190.8  2.47404e-15
      10195.2  2.38733e-15
      10199.6  2.37546e-15
      10204.0  2.43017e-15
      10208.4  2.31315e-15
      10212.8  2.27518e-15
      10217.3  2.14591e-15
      10221.7  2.05470e-15
      10226.2  2.11921e-15
      10230.6  2.05567e-15
      10235.1  2.01774e-15
      10239.5  1.96091e-15
      10244.0  1.92976e-15
      10248.5  1.92476e-15
      10253.0  1.88663e-15
      10257.5  1.88167e-15
      10262.0  1.83166e-15
      10266.5  1.81607e-15
      10271.0  1.83090e-15
      10275.5  1.77756e-15
      10280.0  1.73333e-15
      10284.5  1.69472e-15
      10289.1  1.71262e-15
      10293.6  1.70046e-15
      10298.2  1.71765e-15
      10302.7  1.69240e-15
      10307.3  1.65621e-15
      10311.9  1.67280e-15
      10316.4  1.65103e-15
      10321.0  1.63532e-15
      10325.6  1.68357e-15
      10330.2  1.66033e-15
      10334.8  1.69362e-15
      10339.4  1.65211e-15
      10344.0  1.69069e-15
      10348.6  1.72891e-15
      10353.3  1.77550e-15
      10357.9  1.76056e-15
      10362.5  1.77499e-15
      10367.2  1.73462e-15
      10371.8  1.80404e-15
      10376.5  1.80152e-15
      10381.2  1.78119e-15
      10385.9  1.78215e-15
      10390.5  1.77060e-15
      10395.2  1.84050e-15
      10399.9  1.78854e-15
      10404.6  1.75657e-15
      10409.3  1.82381e-15
      10414.0  1.77113e-15
      10418.8  1.81014e-15
      10423.5  1.77149e-15
      10428.2  1.80793e-15
      10433.0  1.75323e-15
      10437.7  1.78754e-15
      10442.5  1.75439e-15
      10447.3  1.75138e-15
      10452.0  1.78313e-15
      10456.8  1.81176e-15
      10461.6  1.76766e-15
      10466.4  1.81907e-15
      10471.2  1.80439e-15
      10476.0  1.80774e-15
      10480.8  1.75785e-15
      10485.6  1.73941e-15
      10490.4  1.75519e-15
      10495.3  1.71256e-15
      10500.1  1.65628e-15
      10505.0  1.53445e-15
      10509.8  1.44727e-15
      10514.7  1.35821e-15
      10519.5  1.28931e-15
      10524.4  1.19454e-15
      10529.3  1.04209e-15
      10534.2  9.61822e-16
      10539.1  7.98244e-16
      10544.0  7.00831e-16
      10548.9  6.37805e-16
      10553.8  5.43284e-16
      10558.8  4.92160e-16
      10563.7  4.37699e-16
      10568.6  4.11885e-16
      10573.6  3.62187e-16
      10578.5  3.54404e-16
      10583.5  3.38219e-16
      10588.5  3.21635e-16
      10593.4  3.52972e-16
      10598.4  3.38646e-16
      10603.4  3.32137e-16
      10608.4  3.38599e-16
      10613.4  3.64108e-16
      10618.4  3.94553e-16
      10623.4  3.83722e-16
      10628.5  4.04106e-16
      10633.5  3.81735e-16
      10638.5  3.87982e-16
      10643.6  4.48007e-16
      10648.6  4.52922e-16
      10653.7  4.71627e-16
      10658.8  4.96197e-16
      10663.9  5.18437e-16
      10668.9  5.50128e-16
      10674.0  6.17301e-16
      10679.1  6.33822e-16
      10684.2  6.69510e-16
      10689.4  7.23969e-16
      10694.5  7.61843e-16
      10699.6  8.19968e-16
      10704.8  8.40032e-16
      10709.9  9.10085e-16
      10715.0  9.82203e-16
      10720.2  1.03084e-15
      10725.4  1.14905e-15
      10730.5  1.19510e-15
      10735.7  1.24463e-15
      10740.9  1.36407e-15
      10746.1  1.34800e-15
      10751.3  1.45114e-15
      10756.5  1.58095e-15
      10761.8  1.58827e-15
      10767.0  1.70574e-15
      10772.2  1.78986e-15
      10777.5  1.83528e-15
      10782.7  1.98400e-15
      10788.0  2.08630e-15
      10793.2  2.20547e-15
      10798.5  2.26406e-15
      10803.8  2.38180e-15
      10809.1  2.51189e-15
      10814.4  2.66128e-15
      10819.7  2.74906e-15
      10825.0  2.76874e-15
      10830.3  2.94506e-15
      10835.7  3.02136e-15
      10841.0  3.06473e-15
      10846.3  3.19668e-15
      10851.7  3.21208e-15
      10857.0  3.22380e-15
      10862.4  3.26638e-15
      10867.8  3.19862e-15
      10873.2  3.15914e-15
      10878.6  3.16357e-15
      10884.0  3.21360e-15
      10889.4  3.21627e-15
      10894.8  3.25071e-15
      10900.2  3.31011e-15
      10905.6  3.27308e-15
      10911.1  3.38096e-15
      10916.5  3.39480e-15
      10922.0  3.52646e-15
      10927.4  3.55042e-15
      10932.9  3.69898e-15
      10938.4  3.80554e-15
      10943.9  3.72313e-15
      10949.4  3.81786e-15
      10954.9  3.84871e-15
      10960.4  3.82055e-15
      10965.9  3.81355e-15
      10971.4  3.73393e-15
      10977.0  3.70888e-15
      10982.5  3.69352e-15
      10988.1  3.63231e-15
      10993.6  3.54016e-15
      10999.2  3.52035e-15
      11004.8  3.46307e-15
      11010.4  3.41420e-15
      11015.9  3.25349e-15
      11021.6  3.28180e-15
      11027.2  3.15071e-15
      11032.8  3.10380e-15
      11038.4  3.02267e-15
      11044.0  3.01700e-15
      11049.7  2.87471e-15
      11055.3  2.82809e-15
      11061.0  2.73244e-15
      11066.7  2.73563e-15
      11072.3  2.60641e-15
      11078.0  2.50042e-15
      11083.7  2.47602e-15
      11089.4  2.34028e-15
      11095.1  2.24808e-15
      11100.9  2.18771e-15
      11106.6  2.05002e-15
      11112.3  2.01605e-15
      11118.1  1.89302e-15
      11123.8  1.80937e-15
      11129.6  1.78703e-15
      11135.3  1.74698e-15
      11141.1  1.68178e-15
      11146.9  1.65120e-15
      11152.7  1.63052e-15
      11158.5  1.59346e-15
      11164.3  1.59914e-15
      11170.1  1.68054e-15
      11176.0  1.68502e-15
      11181.8  1.65756e-15
      11187.7  1.72762e-15
      11193.5  1.80403e-15
      11199.4  1.83663e-15
      11205.3  1.84898e-15
      11211.1  1.90664e-15
      11217.0  2.02709e-15
      11222.9  2.11700e-15
      11228.9  2.20720e-15
      11234.7  2.30535e-15
      11240.4  2.42803e-15
      11246.6  2.59668e-15
      11252.6  2.84607e-15
      11258.5  2.89027e-15
      11264.5  3.27742e-15
      11270.5  3.24592e-15
      11276.5  3.37827e-15
      11282.4  3.36160e-15
      11288.4  3.49550e-15
      11294.4  3.65067e-15
      11300.5  3.46544e-15
      11306.5  3.53912e-15
      11312.5  3.37220e-15
      11318.5  3.38589e-15
      11324.6  3.37412e-15
      11330.7  3.21656e-15
      11336.8  3.08554e-15
      11342.8  3.38658e-15
      11348.9  3.11025e-15
      11355.0  2.99206e-15
      11361.1  2.85461e-15
      11367.3  2.61607e-15
      11373.4  2.51700e-15
      11379.5  2.44185e-15
      11385.7  2.49349e-15
      11391.9  2.49594e-15
      11398.0  2.53650e-15
      11404.2  2.54071e-15
      11410.4  2.52381e-15
      11416.5  2.46593e-15
      11422.8  2.44098e-15
      11429.0  2.43085e-15
      11435.2  2.35259e-15
      11441.4  2.27494e-15
      11447.7  2.22234e-15
      11453.9  2.19552e-15
      11460.2  2.16700e-15
      11466.4  2.04694e-15
      11472.7  1.97631e-15
      11479.0  1.92969e-15
      11485.3  1.80024e-15
      11491.6  1.74804e-15
      11497.9  1.68791e-15
      11504.3  1.60638e-15
      11510.6  1.53879e-15
      11516.9  1.51629e-15
      11523.3  1.53493e-15
      11529.7  1.39952e-15
      11536.1  1.34399e-15
      11542.4  1.30819e-15
      11548.8  1.31899e-15
      11555.2  1.25638e-15
      11561.6  1.19771e-15
      11568.1  1.17837e-15
      11574.5  1.18258e-15
      11581.0  1.15497e-15
      11587.4  1.13820e-15
      11593.9  1.14275e-15
      11600.4  1.15473e-15
      11606.8  1.18241e-15
      11613.3  1.18310e-15
      11619.8  1.20019e-15
      11626.4  1.22007e-15
      11632.9  1.23121e-15
      11639.4  1.23494e-15
      11646.0  1.28323e-15
      11652.5  1.28105e-15
      11659.1  1.29137e-15
      11665.7  1.26638e-15
      11672.3  1.26903e-15
      11678.9  1.26968e-15
      11685.5  1.27363e-15
      11692.1  1.25159e-15
      11698.7  1.23680e-15
      11705.3  1.21758e-15
      11712.0  1.26360e-15
      11718.7  1.23412e-15
      11725.3  1.25587e-15
      11732.0  1.26907e-15
      11738.7  1.27151e-15
      11745.4  1.22290e-15
      11752.1  1.29556e-15
      11758.9  1.32590e-15
      11765.6  1.24192e-15
      11772.3  1.24925e-15
      11779.1  1.25946e-15
      11785.8  1.26862e-15
      11792.6  1.25141e-15
      11799.4  1.24841e-15
      11806.2  1.25214e-15
      11813.0  1.30567e-15
      11819.8  1.26871e-15
      11826.7  1.34055e-15
      11833.5  1.36188e-15
      11840.3  1.33443e-15
      11847.2  1.38758e-15
      11854.1  1.41879e-15
      11861.0  1.43408e-15
      11867.9  1.41644e-15
      11874.7  1.39819e-15
      11881.6  1.42839e-15
      11888.6  1.45971e-15
      11895.6  1.43780e-15
      11902.6  1.44178e-15
      11909.5  1.46253e-15
      11916.4  1.41771e-15
      11923.4  1.42422e-15
      11930.4  1.39664e-15
      11937.4  1.39930e-15
      11944.4  1.36308e-15
      11951.5  1.35658e-15
      11958.5  1.31396e-15
      11965.6  1.37373e-15
      11972.7  1.35548e-15
      11979.8  1.29124e-15
      11986.8  1.33290e-15
      11993.9  1.35137e-15
      12001.0  1.35837e-15
      12008.1  1.36875e-15
      12015.2  1.34416e-15
      12022.4  1.33664e-15
      12029.5  1.34331e-15
      12036.7  1.40321e-15
      12043.9  1.33251e-15
      12051.0  1.30106e-15
      12058.2  1.32294e-15
      12065.5  1.32245e-15
      12072.7  1.28476e-15
      12079.9  1.27583e-15
      12087.1  1.27625e-15
      12094.4  1.22726e-15
      12101.7  1.22688e-15
      12108.9  1.21736e-15
      12116.2  1.21935e-15
      12123.6  1.17870e-15
      12130.9  1.16049e-15
      12138.2  1.12541e-15
      12145.5  1.08859e-15
      12152.9  1.03887e-15
      12160.3  1.01709e-15
      12167.6  1.03647e-15
      12175.0  9.83612e-16
      12182.4  9.33347e-16
      12189.8  9.18118e-16
      12197.2  8.93947e-16
      12204.7  8.64241e-16
      12212.2  8.93163e-16
      12219.6  8.49078e-16
      12227.1  8.19539e-16
      12234.6  7.64158e-16
      12242.0  7.30464e-16
      12249.6  7.62497e-16
      12257.1  7.62805e-16
      12264.6  7.67182e-16
      12272.1  7.75702e-16
      12279.7  7.74872e-16
      12287.3  7.41510e-16
      12294.9  7.56933e-16
      12302.4  7.52885e-16
      12310.0  7.81363e-16
      12317.8  8.19896e-16
      12325.3  7.56756e-16
      12333.0  7.61341e-16
      12340.7  7.52590e-16
      12348.4  7.24435e-16
      12356.0  7.23967e-16
      12363.7  6.93954e-16
      12371.4  7.01019e-16
      12379.1  6.87158e-16
      12386.9  6.68376e-16
      12394.6  7.03984e-16
      12402.4  7.09050e-16
      12410.1  7.21963e-16
      12417.9  7.50989e-16
      12425.7  7.21150e-16
      12433.5  7.45982e-16
      12441.4  7.37042e-16
      12449.2  7.46611e-16
      12457.0  7.44233e-16
      12464.9  7.57186e-16
      12472.8  7.51657e-16
      12480.7  7.57081e-16
      12488.6  7.57546e-16
      12496.5  7.56309e-16
      12504.4  7.33301e-16
      12512.4  7.53797e-16
      12520.3  7.27354e-16
      12528.3  7.22366e-16
      12536.3  7.58957e-16
      12544.2  7.40548e-16
      12552.3  7.49337e-16
      12560.3  7.57037e-16
      12568.3  7.49667e-16
      12576.4  7.89283e-16
      12584.4  7.56869e-16
      12592.5  7.99824e-16
      12600.6  7.60352e-16
      12608.7  7.94345e-16
      12616.8  8.04173e-16
      12624.9  7.81676e-16
      12633.1  8.00747e-16
      12641.2  7.95748e-16
      12649.4  8.03762e-16
      12657.6  8.12037e-16
      12665.8  8.34771e-16
      12674.0  8.49297e-16
      12682.2  9.06240e-16
      12690.4  9.38393e-16
      12698.7  9.88813e-16
      12707.0  9.68748e-16
      12715.2  1.08100e-15
      12723.5  1.10257e-15
      12731.8  1.28371e-15
      12740.1  1.31038e-15
      12748.5  1.47148e-15
      12756.8  1.60038e-15
      12765.2  1.79261e-15
      12773.6  1.92303e-15
      12782.0  2.22785e-15
      12790.4  2.33614e-15
      12798.8  2.62746e-15
      12807.2  2.74113e-15
      12815.7  2.77705e-15
      12824.1  3.06221e-15
      12832.7  3.12724e-15
      12841.1  3.01046e-15
      12849.6  3.03819e-15
      12858.1  2.99824e-15
      12866.6  2.96870e-15
      12875.2  2.86834e-15
      12883.8  2.81722e-15
      12892.3  2.76939e-15
      12900.9  2.66803e-15
      12909.5  2.61707e-15
      12918.1  2.59874e-15
      12926.8  2.50652e-15
      12935.4  2.51383e-15
      12944.1  2.44471e-15
      12952.8  2.38257e-15
      12961.4  2.29450e-15
      12970.2  2.21119e-15
      12978.9  2.15247e-15
      12987.6  1.99855e-15
      12996.4  1.89634e-15
      13005.1  1.80335e-15
      13013.9  1.70085e-15
      13022.7  1.57282e-15
      13031.5  1.54083e-15
      13040.3  1.39337e-15
      13049.2  1.31172e-15
      13058.0  1.26056e-15
      13066.9  1.20235e-15
      13075.8  1.12091e-15
      13084.7  1.06517e-15
      13093.6  1.01299e-15
      13102.5  1.02328e-15
      13111.4  9.84566e-16
      13120.4  9.76902e-16
      13129.4  9.52151e-16
      13138.4  9.56323e-16
      13147.4  9.41148e-16
      13156.4  9.29983e-16
      13165.4  9.55330e-16
      13174.5  9.40681e-16
      13183.6  9.38003e-16
      13192.6  9.29211e-16
      13201.7  9.24761e-16
      13210.8  9.09537e-16
      13219.9  8.83504e-16
      13229.1  8.73185e-16
      13238.2  8.34022e-16
      13247.4  7.87208e-16
      13256.6  7.95532e-16
      13265.8  7.53640e-16
      13275.0  7.75848e-16
      13284.2  7.52671e-16
      13293.5  7.39696e-16
      13302.7  7.39536e-16
      13312.0  7.40140e-16
      13321.3  7.28405e-16
      13330.6  7.19910e-16
      13340.0  6.86432e-16
      13349.3  6.68814e-16
      13358.6  6.68469e-16
      13368.0  6.48674e-16
      13377.4  6.57843e-16
      13386.8  6.30615e-16
      13396.2  6.21346e-16
      13405.7  6.23058e-16
      13415.1  5.69901e-16
      13424.6  5.95559e-16
      13434.1  5.64775e-16
      13443.6  5.81338e-16
      13453.1  5.98390e-16
      13462.6  5.56928e-16
      13472.2  5.51543e-16
      13481.7  5.73783e-16
      13491.3  5.73274e-16
      13500.9  6.00969e-16
      13510.5  5.49364e-16
      13520.1  6.16539e-16
      13529.8  6.01596e-16
      13539.4  6.21777e-16
      13549.1  6.34935e-16
      13558.8  6.39620e-16
      13568.5  6.60974e-16
      13578.2  6.30368e-16
      13588.0  6.43853e-16
      13597.7  7.37758e-16
      13607.5  6.31333e-16
      13617.3  7.68829e-16
      13627.1  6.81882e-16
      13636.9  7.31576e-16
      13646.8  7.99043e-16
      13656.6  6.20517e-16
      13666.5  5.53771e-16
      13676.4  6.31666e-16
      13686.3  7.79169e-16
      13696.2  8.70597e-16
      13706.1  6.15803e-16
      13716.1  6.90052e-16
      13726.0  5.39796e-16
      13736.0  5.85484e-16
      13746.0  5.81679e-16
      13756.0  5.65985e-16
      13766.1  6.51276e-16
      13776.1  6.25709e-16
      13786.2  6.00377e-16
      13796.3  6.05376e-16
      13806.4  6.47432e-16
      13816.5  6.81100e-16
      13826.6  7.27760e-16
      13836.8  6.84718e-16
      13847.0  6.30158e-16
      13857.1  5.68857e-16
      13867.3  6.10109e-16
      13877.4  5.85088e-16
      13887.8  5.35989e-16
      13898.1  5.58096e-16
      13908.3  5.63754e-16
      13918.6  6.26785e-16
      13928.9  5.69425e-16
      13939.2  5.96980e-16
      13949.6  6.02803e-16
      13959.9  6.05312e-16
      13970.3  6.09841e-16
      13980.7  5.83357e-16
      13991.1  5.08701e-16
      14001.5  5.58033e-16
      14011.9  5.82167e-16
      14022.4  5.55045e-16
      14032.9  5.95973e-16
      14043.4  5.35622e-16
      14053.9  5.27509e-16
      14064.4  5.26787e-16
      14074.9  5.77763e-16
      14085.5  5.06738e-16
      14096.1  5.98936e-16
      14106.7  5.39898e-16
      14117.3  5.40203e-16
      14127.9  5.70831e-16
      14138.5  5.94303e-16
      14149.2  4.84111e-16
      14159.9  5.00215e-16
      14170.6  5.40736e-16
      14181.3  5.32150e-16
      14192.0  5.60143e-16
      14202.8  5.05477e-16
      14213.5  5.40897e-16
      14224.3  5.23612e-16
      14235.1  5.13243e-16
      14245.9  5.35618e-16
      14256.8  5.23702e-16
      14267.6  5.11377e-16
      14278.5  5.37222e-16
      14289.4  5.58733e-16
      14300.3  5.52126e-16
      14311.2  5.55605e-16
      14322.1  5.27504e-16
      14333.1  5.51159e-16
      14344.0  5.22465e-16
      14355.0  5.64184e-16
      14366.0  5.45210e-16
      14377.1  5.43670e-16
      14388.1  5.59137e-16
      14399.2  5.48356e-16
      14410.3  5.74093e-16
      14421.4  5.79982e-16
      14432.5  5.83362e-16
      14443.6  5.64571e-16
      14454.7  5.98228e-16
      14465.9  5.73208e-16
      14477.1  5.65024e-16
      14488.3  5.63866e-16
      14499.5  5.75679e-16
      14510.7  5.91896e-16
      14522.0  6.15892e-16
      14533.3  6.42516e-16
      14544.6  5.95794e-16
      14555.9  6.27584e-16
      14567.2  6.46917e-16
      14578.5  6.56462e-16
      14589.9  6.38650e-16
      14601.3  6.37104e-16
      14612.7  6.24138e-16
      14624.1  6.22824e-16
      14635.5  6.03954e-16
      14647.0  6.20175e-16
      14658.4  6.48268e-16
      14669.9  6.46760e-16
      14681.4  6.28603e-16
      14692.9  6.44681e-16
      14704.5  6.64259e-16
      14716.0  6.05862e-16
      14727.6  6.39959e-16
      14739.2  6.18637e-16
      14750.8  6.08861e-16
      14762.4  5.96252e-16
      14774.1  5.84259e-16
      14785.7  6.03674e-16
      14797.4  6.22859e-16
      14809.1  5.89077e-16
      14820.8  6.21852e-16
      14832.5  6.18257e-16
      14844.4  5.85691e-16
      14856.1  6.45032e-16
      14867.8  6.50713e-16
      14879.7  6.71997e-16
      14891.5  6.84987e-16
      14903.3  6.64277e-16
      14915.2  6.78283e-16
      14927.1  6.77701e-16
      14938.9  6.97555e-16
      14950.9  7.34180e-16
      14962.8  7.24237e-16
      14974.7  7.65461e-16
      14986.7  7.82077e-16
      14998.5  8.11075e-16
      15010.6  8.72129e-16
      15022.7  8.86594e-16
      15034.7  9.56291e-16
      15046.8  9.63956e-16
      15058.9  9.86814e-16
      15070.9  1.01512e-15
      15083.1  1.01655e-15
      15095.2  9.78578e-16
      15107.3  9.88778e-16
      15119.5  9.63222e-16
      15131.7  9.38680e-16
      15143.9  9.02366e-16
      15156.1  8.56065e-16
      15168.3  8.50652e-16
      15180.6  7.98806e-16
      15192.8  7.63439e-16
      15205.1  7.45381e-16
      15217.4  7.42343e-16
      15229.7  7.10478e-16
      15242.1  6.89279e-16
      15254.4  6.56055e-16
      15266.9  6.59086e-16
      15279.2  6.74260e-16
      15291.6  6.28417e-16
      15304.1  6.63745e-16
      15316.5  6.53173e-16
      15329.0  6.18820e-16
      15341.4  6.67475e-16
      15353.9  6.40843e-16
      15366.5  6.41070e-16
      15379.1  6.26738e-16
      15391.7  6.38044e-16
      15404.1  6.31355e-16
      15416.7  6.13744e-16
      15429.3  6.18058e-16
      15442.0  5.78992e-16
      15454.6  6.14737e-16
      15467.3  6.21636e-16
      15479.9  6.25555e-16
      15492.7  6.12739e-16
      15505.3  5.91477e-16
      15518.1  5.99356e-16
      15530.8  5.91852e-16
      15543.9  5.40548e-16
      15556.4  5.43762e-16
      15569.2  5.79867e-16
      15582.0  5.68336e-16
      15594.9  5.81747e-16
      15607.7  5.90356e-16
      15620.6  5.80321e-16
      15633.5  5.95320e-16
      15646.4  5.86985e-16
      15659.4  5.84439e-16
      15672.3  5.81007e-16
      15685.2  5.67157e-16
      15698.2  5.84637e-16
      15711.2  5.98385e-16
      15724.2  6.19205e-16
      15737.3  6.12921e-16
      15750.3  6.41830e-16
      15763.4  6.57817e-16
      15776.5  6.71493e-16
      15789.6  6.89205e-16
      15802.7  6.91644e-16
      15815.8  6.85887e-16
      15829.0  6.71471e-16
      15842.2  6.97591e-16
      15855.4  6.64750e-16
      15868.6  6.72313e-16
      15881.8  6.32920e-16
      15895.1  6.60377e-16
      15908.3  6.56835e-16
      15922.0  6.49935e-16
      15934.9  6.52749e-16
      15948.2  6.37624e-16
      15961.5  6.68331e-16
      15974.9  6.58574e-16
      15988.2  6.53844e-16
      16001.6  6.61451e-16
      16015.0  6.54849e-16
      16028.5  6.59154e-16
      16041.9  6.65884e-16
      16055.4  6.26896e-16
      16068.8  6.21663e-16
      16082.3  6.24530e-16
      16095.7  6.24638e-16
      16109.2  6.00573e-16
      16122.9  5.94466e-16
      16136.4  6.06603e-16
      16150.0  6.12297e-16
      16163.6  5.71686e-16
      16177.2  6.01470e-16
      16190.9  6.03321e-16
      16204.4  5.87479e-16
      16218.2  5.93590e-16
      16231.8  6.03087e-16
      16245.5  6.10135e-16
      16259.3  5.87834e-16
      16273.0  5.85953e-16
      16286.7  5.79227e-16
      16300.5  6.01231e-16
      16314.3  5.75789e-16
      16328.1  5.84412e-16
      16341.9  5.91242e-16
      16355.7  5.84628e-16
      16369.6  5.97084e-16
      16383.4  6.04943e-16
      16397.3  6.04453e-16
      16411.2  5.79984e-16
      16425.1  6.09346e-16
      16439.1  6.03175e-16
      16453.1  5.94651e-16
      16467.0  6.08908e-16
      16481.0  6.15438e-16
      16495.0  6.13725e-16
      16509.0  6.01516e-16
      16523.1  5.61819e-16
      16537.1  5.81987e-16
      16551.2  5.79402e-16
      16565.3  5.76262e-16
      16579.4  5.61459e-16
      16593.5  5.60806e-16
      16607.6  5.54582e-16
      16621.8  5.46679e-16
      16635.9  5.45700e-16
      16650.1  5.47454e-16
      16664.3  5.32733e-16
      16678.0  5.23205e-16
      16692.8  5.23795e-16
      16707.0  5.36689e-16
      16721.3  5.23870e-16
      16735.6  5.74950e-16
      16749.9  5.46268e-16
      16764.2  5.52562e-16
      16778.6  5.50275e-16
      16792.9  5.47977e-16
      16807.3  5.62561e-16
      16821.7  5.50906e-16
      16836.1  5.48341e-16
      16850.5  5.67033e-16
      16864.9  5.54772e-16
      16879.4  5.41993e-16
      16893.8  5.43921e-16
      16908.3  5.44149e-16
      16922.8  5.46256e-16
      16937.3  5.36129e-16
      16951.8  5.27692e-16
      16966.4  5.13749e-16
      16981.0  5.24879e-16
      16995.5  5.21114e-16
      17010.1  5.08060e-16
      17024.8  5.15655e-16
      17039.4  5.28791e-16
      17054.0  5.23132e-16
      17068.7  5.27255e-16
      17083.3  5.38892e-16
      17098.0  5.30200e-16
      17112.7  5.46357e-16
      17127.5  5.82124e-16
      17142.2  5.41754e-16
      17156.9  5.49459e-16
      17171.7  5.58986e-16
      17186.5  5.57683e-16
      17201.3  5.34340e-16
      17216.1  5.27743e-16
      17230.9  5.12675e-16
      17245.4  5.13559e-16
      17260.6  5.05388e-16
      17275.5  5.07299e-16
      17290.4  4.91204e-16
      17305.3  4.87894e-16
      17320.2  4.88746e-16
      17335.2  4.83290e-16
      17350.1  4.82769e-16
      17365.1  5.05889e-16
      17380.1  5.05730e-16
      17395.1  4.78466e-16
      17410.1  5.09899e-16
      17425.1  4.91392e-16
      17440.2  5.04542e-16
      17455.3  5.04007e-16
      17470.3  5.04706e-16
      17485.4  5.04067e-16
      17500.5  4.91868e-16
      17515.7  4.75740e-16
      17530.8  4.84181e-16
      17545.9  4.76612e-16
      17561.1  4.60046e-16
      17576.3  4.55921e-16
      17591.6  4.43004e-16
      17606.8  4.24541e-16
      17621.9  4.31732e-16
      17637.1  4.14444e-16
      17652.4  4.10738e-16
      17667.7  3.81152e-16
      17683.0  3.90993e-16
      17698.3  4.10353e-16
      17713.6  4.00339e-16
      17728.9  3.96534e-16
      17744.3  3.87526e-16
      17759.6  3.96451e-16
      17775.0  3.99478e-16
      17790.4  4.07052e-16
      17805.8  4.02694e-16
      17821.2  3.95081e-16
      17836.6  3.99772e-16
      17852.1  4.00494e-16
      17867.5  4.13922e-16
      17883.0  3.96885e-16
      17898.5  4.10878e-16
      17914.0  3.82504e-16
      17929.5  3.91592e-16
      17945.0  4.04943e-16
      17960.5  3.93898e-16
      17976.1  3.95586e-16
      17991.7  3.75476e-16
      18007.3  4.04980e-16
      18022.9  4.12024e-16
      18038.5  4.15826e-16
      18054.1  4.00590e-16
      18069.7  4.36226e-16
      18085.4  4.41314e-16
      18101.1  4.39372e-16
      18116.8  4.55624e-16
      18132.4  4.65205e-16
      18148.2  4.69064e-16
      18163.9  4.92741e-16
      18179.6  4.76896e-16
      18195.4  4.99095e-16
      18211.1  4.94407e-16
      18226.9  4.89724e-16
      18242.7  4.75765e-16
      18258.5  5.00203e-16
      18274.3  5.31157e-16
      18290.1  5.42602e-16
      18306.0  6.56112e-16
      18321.8  6.59461e-16
      18337.7  5.94515e-16
      18353.6  5.99610e-16
      18369.5  5.58362e-16
      18385.4  6.39238e-16
      18401.3  6.11564e-16
      18417.2  5.15142e-16
      18433.2  4.86813e-16
      18449.2  5.12971e-16
      18465.1  4.76508e-16
      18481.1  5.74408e-16
      18497.1  5.57547e-16
      18513.1  5.19398e-16
      18529.2  5.74299e-16
      18545.2  7.58407e-16
      18561.2  9.19009e-16
      18577.3  1.11143e-15
      18593.4  1.34628e-15
      18609.5  1.47650e-15
      18625.6  1.61351e-15
      18641.7  1.67849e-15
      18657.8  1.68293e-15
      18674.0  1.74911e-15
      18690.1  2.12272e-15
      18706.3  2.52816e-15
      18722.4  2.52892e-15
      18738.6  3.32963e-15
      18754.8  3.32020e-15
      18771.0  3.00907e-15
      18787.3  2.95272e-15
      18803.5  2.90012e-15
      18819.7  2.89493e-15
      18836.0  2.96317e-15
      18852.3  2.97271e-15
      18868.6  2.93802e-15
      18884.9  2.89272e-15
      18901.2  2.92298e-15
      18917.5  3.05046e-15
      18933.8  2.98166e-15
      18950.2  2.78085e-15
      18966.5  2.54621e-15
      18982.9  2.64091e-15
      18999.3  2.69992e-15
      19015.6  2.88415e-15
      19032.0  2.22974e-15
      19048.5  1.48545e-15
      19064.9  1.41942e-15
      19081.3  1.25646e-15
      19097.8  1.19728e-15
      19114.2  1.14508e-15
      19130.7  1.08108e-15
      19147.2  9.52258e-16
      19163.7  7.53749e-16
      19180.2  6.93083e-16
      19196.7  6.44907e-16
      19213.2  6.85787e-16
      19229.7  6.55882e-16
      19246.3  6.12199e-16
      19262.8  6.59643e-16
      19279.4  6.31664e-16
      19296.0  6.47458e-16
      19312.6  6.14576e-16
      19329.2  5.87147e-16
      19345.8  5.60703e-16
      19362.4  5.38030e-16
      19379.1  5.90137e-16
      19395.7  5.89553e-16
      19412.4  5.69773e-16
      19429.0  5.68025e-16
      19445.7  5.59701e-16
      19462.4  5.73782e-16
      19479.1  5.56295e-16
      19495.8  5.39733e-16
      19512.5  5.44860e-16
      19529.2  5.46055e-16
      19546.0  5.34550e-16
      19562.7  5.37784e-16
      19579.5  5.18514e-16
      19596.2  4.74351e-16
      19613.0  4.62944e-16
      19629.8  4.72435e-16
      19646.6  4.28502e-16
      19663.4  4.26863e-16
      19680.2  4.10220e-16
      19697.1  3.99440e-16
      19713.9  3.76110e-16
      19730.8  3.90420e-16
      19747.6  3.84341e-16
      19764.5  3.83476e-16
      19781.4  3.77397e-16
      19798.3  3.86815e-16
      19815.2  3.88197e-16
      19832.1  3.95197e-16
      19849.0  3.87630e-16
      19865.9  4.06625e-16
      19882.8  4.08729e-16
      19899.8  4.12248e-16
      19916.8  4.03825e-16
      19933.7  4.06351e-16
      19950.7  3.94595e-16
      19967.7  3.99201e-16
      19984.7  4.20981e-16
      20001.7  4.06668e-16
      20018.7  3.98662e-16
      20035.7  3.58811e-16
      20052.7  3.53461e-16
      20069.8  2.99318e-16
      20086.8  2.81188e-16
      20103.9  3.08665e-16
      20120.9  2.88704e-16
      20138.0  2.94616e-16
      20155.1  2.77977e-16
      20172.2  2.70080e-16
      20189.3  2.58926e-16
      20206.4  2.42153e-16
      20223.5  2.42478e-16
      20240.6  2.58700e-16
      20257.8  2.41467e-16
      20274.9  2.42648e-16
      20292.1  2.35387e-16
      20309.2  2.31162e-16
      20326.4  2.19783e-16
      20343.6  2.17095e-16
      20360.7  2.06768e-16
      20377.9  2.18391e-16
      20395.1  2.18717e-16
      20412.4  2.06377e-16
      20429.6  2.19538e-16
      20446.8  2.22901e-16
      20464.0  2.16810e-16
      20481.3  2.16993e-16
      20498.5  2.22060e-16
      20515.8  2.14549e-16
      20533.0  2.30738e-16
      20550.3  2.24040e-16
      20567.6  2.17694e-16
      20584.9  2.46258e-16
      20602.2  2.27165e-16
      20619.5  2.36933e-16
      20636.8  2.57489e-16
      20654.1  2.56429e-16
      20671.5  2.63528e-16
      20688.8  2.66376e-16
      20706.1  2.61624e-16
      20723.7  2.42771e-16
      20741.0  2.59828e-16
      20758.2  2.66376e-16
      20775.5  2.61831e-16
      20793.0  2.66865e-16
      20810.4  2.65155e-16
      20827.8  2.68741e-16
      20845.2  2.68879e-16
      20862.6  2.70097e-16
      20880.0  2.73591e-16
      20897.4  2.61153e-16
      20914.9  2.62079e-16
      20932.3  2.55800e-16
      20949.7  2.57984e-16
      20967.2  2.55534e-16
      20984.7  2.54474e-16
      21002.1  2.59959e-16
      21019.6  2.57229e-16
      21037.1  2.58699e-16
      21054.6  2.55066e-16
      21072.0  2.60304e-16
      21089.5  2.60657e-16
      21107.1  2.67169e-16
      21124.6  2.67429e-16
      21142.1  2.64923e-16
      21159.6  2.70687e-16
      21177.1  2.76547e-16
      21194.7  2.75215e-16
      21212.2  2.70196e-16
      21229.8  2.66451e-16
      21247.3  2.78148e-16
      21264.9  2.69714e-16
      21282.5  2.66265e-16
      21300.0  2.65751e-16
      21317.6  2.67389e-16
      21335.2  2.64584e-16
      21352.8  2.68150e-16
      21370.4  2.66310e-16
      21388.0  2.77829e-16
      21405.6  2.78595e-16
      21423.1  2.72912e-16
      21440.9  2.84873e-16
      21458.5  2.86265e-16
      21476.1  2.93944e-16
      21493.8  3.09634e-16
      21511.4  3.14986e-16
      21529.1  3.28938e-16
      21546.7  3.33546e-16
      21564.4  3.55277e-16
      21582.1  3.68251e-16
      21599.7  3.89419e-16
      21617.4  4.14764e-16
      21635.1  4.23494e-16
      21652.8  4.35500e-16
      21670.5  4.46929e-16
      21688.2  4.45947e-16
      21705.9  4.43669e-16
      21723.6  4.49026e-16
      21741.3  4.43677e-16
      21759.0  4.43035e-16
      21776.8  4.22171e-16
      21794.5  4.27144e-16
      21812.2  4.29137e-16
      21830.0  4.36428e-16
      21847.7  4.23074e-16
      21865.2  4.16254e-16
      21883.2  4.09469e-16
      21901.0  4.01734e-16
      21918.7  3.94913e-16
      21936.5  3.85381e-16
      21954.3  3.74182e-16
      21972.0  3.51059e-16
      21989.8  3.48116e-16
      22007.6  3.46278e-16
      22025.4  3.37203e-16
      22043.2  3.43180e-16
      22061.0  3.28458e-16
      22078.8  3.32888e-16
      22096.6  3.35692e-16
      22114.4  3.25821e-16
      22132.2  3.17756e-16
      22150.0  3.16061e-16
      22167.9  3.06579e-16
      22185.7  3.05358e-16
      22203.5  3.01846e-16
      22221.3  3.09844e-16
      22239.2  3.00812e-16
      22257.0  2.89260e-16
      22274.9  2.87617e-16
      22292.7  2.77099e-16
      22310.6  2.64059e-16
      22328.4  2.46258e-16
      22346.3  2.74579e-16
      22364.1  2.80409e-16
      22382.0  2.68657e-16
      22399.9  2.68013e-16
      22417.7  2.57257e-16
      22435.6  2.62093e-16
      22453.5  2.63903e-16
      22471.4  2.57264e-16
      22489.2  2.51252e-16
      22507.1  2.56457e-16
      22525.0  2.56810e-16
      22542.9  2.56812e-16
      22560.8  2.52371e-16
      22578.6  2.44047e-16
      22596.6  2.35623e-16
      22614.5  2.52374e-16
      22632.4  2.50267e-16
      22650.3  2.54061e-16
      22668.2  2.50139e-16
      22686.1  2.56618e-16
      22704.0  2.66503e-16
      22722.0  2.46565e-16
      22739.9  2.45033e-16
      22757.8  2.62266e-16
      22775.7  2.51305e-16
      22793.6  2.54211e-16
      22811.6  2.58103e-16
      22829.5  2.54239e-16
      22847.4  2.56568e-16
      22865.4  2.66928e-16
      22883.3  2.63257e-16
      22901.2  2.89208e-16
      22919.2  2.97500e-16
      22937.1  3.01465e-16
      22955.0  3.12972e-16
      22973.0  3.27776e-16
      22991.7  3.45606e-16
      23008.8  3.48883e-16
      23026.8  3.64292e-16
      23044.6  3.61773e-16
      23062.7  3.62509e-16
      23080.6  3.69609e-16
      23098.6  3.82990e-16
      23116.5  3.92671e-16
      23134.5  3.64385e-16
      23152.4  3.69744e-16
      23170.4  3.66829e-16
      23188.3  3.78013e-16
      23206.2  3.82734e-16
      23224.2  3.79078e-16
      23242.2  3.73869e-16
      23260.1  3.83362e-16
      23278.0  3.90988e-16
      23296.0  3.90212e-16
      23313.9  3.88878e-16
      23331.9  3.84664e-16
      23349.8  3.97320e-16
      23367.8  3.88625e-16
      23385.7  3.74248e-16
      23403.7  4.01865e-16
      23422.4  4.12560e-16
      23439.6  3.92289e-16
      23457.5  3.77279e-16
      23475.5  3.90123e-16
      23493.4  3.90693e-16
      23511.3  3.86574e-16
      23529.3  3.79312e-16
      23547.2  3.96212e-16
      23565.2  3.89029e-16
      23583.1  3.99174e-16
      23601.0  3.93199e-16
      23619.0  3.87723e-16
      23636.9  3.96005e-16
      23654.8  3.94572e-16
      23672.7  3.76427e-16
      23690.7  3.89920e-16
      23708.6  3.88910e-16
      23726.5  3.94675e-16
      23744.4  3.68317e-16
      23762.3  3.65073e-16
      23780.3  3.65328e-16
      23798.2  3.62795e-16
      23816.1  3.71681e-16
      23834.0  3.86130e-16
      23851.9  3.79917e-16
      23869.8  3.76652e-16
      23887.7  3.70771e-16
      23905.6  3.72306e-16
      23923.4  3.76944e-16
      23941.3  3.66098e-16
      23959.2  3.77501e-16
      23977.1  3.70585e-16
      23995.0  3.68623e-16
      24012.8  3.77232e-16
      24030.7  3.65627e-16
      24048.5  3.82821e-16
      24066.4  3.89428e-16
      24084.3  3.68212e-16
      24102.1  3.71288e-16
      24119.9  3.63790e-16
      24137.8  3.74316e-16
      24155.6  3.85340e-16
      24173.4  3.66103e-16
      24191.3  3.81435e-16
      24209.1  3.95265e-16
      24226.9  3.65519e-16
      24244.7  3.60211e-16
      24262.5  3.75222e-16
      24280.3  3.58049e-16
      24298.1  3.66455e-16
      24315.8  3.94782e-16
      24333.6  3.62588e-16
      24351.4  3.57344e-16
      24369.1  3.40320e-16
      24386.9  3.86384e-16
      24404.6  3.34267e-16
      24422.4  3.64153e-16
      24440.1  3.68707e-16
      24457.8  3.37943e-16
      24475.5  3.67026e-16
      24493.2  3.51162e-16
      24510.9  3.69255e-16
      24528.6  3.35961e-16
      24546.3  3.45697e-16
      24564.0  3.32552e-16
      24581.7  3.33035e-16
      24599.3  3.36331e-16
      24617.3  3.54574e-16
      24634.9  3.64307e-16
      24652.2  3.69595e-16
      24669.8  3.38624e-16
      24687.5  3.39263e-16
      24705.1  3.45175e-16
      24722.6  3.23928e-16
      24740.2  3.62681e-16
      24757.8  3.62750e-16
      24775.3  2.79976e-16
      24792.9  4.10464e-16
      24810.4  4.24738e-16
      24828.0  4.29150e-16
      24845.5  4.65915e-16
      24863.0  3.62922e-16
      24880.5  3.89898e-16
      24897.9  4.51090e-16
      24915.5  3.39808e-16
      24932.8  5.40152e-16
      24950.2  3.91340e-16
      24967.7  6.11943e-16
      24985.1  5.98164e-16
      25002.5  5.84339e-16
      25019.9  7.38753e-16
      25037.3  5.36839e-16
      25054.6  2.64377e-16
      25072.0  6.39270e-16
      25089.3  4.07040e-16
      25106.6  8.84860e-16
      25123.9  6.76750e-16
      25141.2  1.57016e-15
      25158.5  1.15501e-15
      25175.7  5.77312e-16
      25192.9  8.80467e-16
      25210.2  1.22544e-15
      25227.4  1.28958e-15
      25244.6  1.64561e-15
      25261.7  2.48284e-15
      25278.9  3.63682e-15
      25296.0  4.94376e-15
      25313.1  9.59507e-15
      25330.2  1.42023e-14
      25347.3  3.54169e-15
      25364.4  8.29377e-15
      25381.5  6.94893e-15
      25398.4  1.95466e-14
